%YAML:1.0
points: [ 5.92570740e+02, 2.41074356e+02, 6.94222107e+02, 2.41316849e+02,
    7.95804993e+02, 2.41466064e+02, 8.97400085e+02, 2.41445663e+02,
    9.99360596e+02, 2.41169662e+02, 1.10156775e+03, 2.40520172e+02,
    1.20462415e+03, 2.39659775e+02, 1.30841785e+03, 2.38792694e+02,
    5.88257935e+02, 3.40378601e+02, 6.91027344e+02, 3.40686188e+02,
    7.93786560e+02, 3.41036072e+02, 8.96412476e+02, 3.41137299e+02,
    9.99047058e+02, 3.41155396e+02, 1.10209363e+03, 3.40823914e+02,
    1.20595935e+03, 3.40416199e+02, 1.31090063e+03, 3.39797821e+02,
    5.83748047e+02, 4.41496735e+02, 6.87673157e+02, 4.41918030e+02,
    7.91436523e+02, 4.42307190e+02, 8.95250488e+02, 4.42599701e+02,
    9.98771057e+02, 4.42788055e+02, 1.10270154e+03, 4.42789764e+02,
    1.20760144e+03, 4.42764313e+02, 1.31337427e+03, 4.42629700e+02,
    5.78772949e+02, 5.44921936e+02, 6.84140869e+02, 5.45288025e+02,
    7.89133728e+02, 5.45524414e+02, 8.93756592e+02, 5.45752747e+02,
    9.98570435e+02, 5.46065674e+02, 1.10374963e+03, 5.46440857e+02,
    1.20961304e+03, 5.46769226e+02, 1.31652856e+03, 5.47147461e+02,
    5.73188660e+02, 6.50678589e+02, 6.80014587e+02, 6.50841248e+02,
    7.86313599e+02, 6.51136108e+02, 8.92314514e+02, 6.51457642e+02,
    9.98490479e+02, 6.51825012e+02, 1.10497729e+03, 6.52515015e+02,
    1.21199426e+03, 6.53235962e+02, 1.32014624e+03, 6.54021179e+02,
    5.67287598e+02, 7.59502991e+02, 6.75432739e+02, 7.59567383e+02,
    7.83233093e+02, 7.59668640e+02, 8.90857544e+02, 7.60130798e+02,
    9.98416931e+02, 7.60561707e+02, 1.10636975e+03, 7.61360840e+02,
    1.21480029e+03, 7.62324158e+02, 1.32424829e+03, 7.63552368e+02 ]
