%YAML:1.0
points: [ 4.18899933e+02, 1.34227524e+02, 5.63542664e+02, 1.33403900e+02,
    7.09293884e+02, 1.33110947e+02, 8.55757385e+02, 1.32727005e+02,
    1.00293732e+03, 1.31956619e+02, 1.15141553e+03, 1.30323624e+02,
    1.30157690e+03, 1.28553665e+02, 1.45323279e+03, 1.27017403e+02,
    4.07397797e+02, 2.74374207e+02, 5.55346497e+02, 2.74514191e+02,
    7.04123779e+02, 2.75006531e+02, 8.53250732e+02, 2.75341034e+02,
    1.00231116e+03, 2.75183380e+02, 1.15288147e+03, 2.74453339e+02,
    1.30538391e+03, 2.73088928e+02, 1.45991858e+03, 2.71777008e+02,
    3.95741425e+02, 4.19694244e+02, 5.46911438e+02, 4.20384827e+02,
    6.98591309e+02, 4.21096344e+02, 8.50113586e+02, 4.21682220e+02,
    1.00170294e+03, 4.22128418e+02, 1.15445288e+03, 4.22262604e+02,
    1.30939429e+03, 4.21963562e+02, 1.46675745e+03, 4.21695618e+02,
    3.83106598e+02, 5.70848022e+02, 5.37720520e+02, 5.71567627e+02,
    6.92331360e+02, 5.72277588e+02, 8.46877930e+02, 5.72834351e+02,
    1.00127917e+03, 5.73666809e+02, 1.15669299e+03, 5.74569580e+02,
    1.31439856e+03, 5.75486572e+02, 1.47471460e+03, 5.76352661e+02,
    3.69786987e+02, 7.28235901e+02, 5.27177246e+02, 7.29094055e+02,
    6.85267212e+02, 7.29567688e+02, 8.42973450e+02, 7.30305664e+02,
    1.00078680e+03, 7.31462280e+02, 1.15960522e+03, 7.33175171e+02,
    1.32071094e+03, 7.34933960e+02, 1.48389355e+03, 7.37120117e+02,
    3.56052948e+02, 8.91775391e+02, 5.15997192e+02, 8.93524963e+02,
    6.77097595e+02, 8.94562134e+02, 8.38654419e+02, 8.95585693e+02,
    1.00046814e+03, 8.97034180e+02, 1.16326282e+03, 8.99242554e+02,
    1.32778687e+03, 9.01952637e+02, 1.49357361e+03, 9.04384460e+02 ]
