%YAML:1.0
points: [ 4.21016785e+02, 1.30510025e+02, 5.75477600e+02, 1.55147751e+02,
    7.10733459e+02, 1.77046143e+02, 8.29464722e+02, 1.96526367e+02,
    9.34564880e+02, 2.13435135e+02, 1.02830432e+03, 2.28364075e+02,
    1.11259314e+03, 2.41394730e+02, 1.18891602e+03, 2.53340073e+02,
    4.27251831e+02, 2.73493835e+02, 5.84277161e+02, 2.89098450e+02,
    7.20487244e+02, 3.02883789e+02, 8.39572327e+02, 3.14685425e+02,
    9.44850464e+02, 3.25185852e+02, 1.03858789e+03, 3.34309326e+02,
    1.12273547e+03, 3.42227783e+02, 1.19910510e+03, 3.49392914e+02,
    4.34052643e+02, 4.20643219e+02, 5.92781067e+02, 4.26186951e+02,
    7.30222717e+02, 4.30877350e+02, 8.49791992e+02, 4.34891418e+02,
    9.55224365e+02, 4.38491760e+02, 1.04895691e+03, 4.41471863e+02,
    1.13322327e+03, 4.44280365e+02, 1.20934570e+03, 4.46502899e+02,
    4.40873322e+02, 5.72046265e+02, 6.01505249e+02, 5.66447510e+02,
    7.39740784e+02, 5.61643616e+02, 8.60045776e+02, 5.57439880e+02,
    9.65843567e+02, 5.53923279e+02, 1.05985461e+03, 5.50589172e+02,
    1.14413098e+03, 5.47835571e+02, 1.22043774e+03, 5.45286804e+02,
    4.47734314e+02, 7.28128723e+02, 6.09863586e+02, 7.10788940e+02,
    7.49488831e+02, 6.95813232e+02, 8.70567200e+02, 6.82877136e+02,
    9.76893799e+02, 6.71678040e+02, 1.07124988e+03, 6.61982056e+02,
    1.15575696e+03, 6.53438904e+02, 1.23219678e+03, 6.45584778e+02,
    4.54490112e+02, 8.89216125e+02, 6.18059814e+02, 8.59910156e+02,
    7.59059021e+02, 8.34218811e+02, 8.81413269e+02, 8.12286011e+02,
    9.88462585e+02, 7.92867493e+02, 1.08339514e+03, 7.76272522e+02,
    1.16827087e+03, 7.61399536e+02, 1.24451941e+03, 7.48428772e+02 ]
