%YAML:1.0
points: [ 5.14413147e+02, 2.21410614e+02, 5.95888977e+02, 2.09085007e+02,
    6.85619873e+02, 1.95786148e+02, 7.84607422e+02, 1.80879181e+02,
    8.94461609e+02, 1.64297104e+02, 1.01711755e+03, 1.44993561e+02,
    1.15546033e+03, 1.23190094e+02, 1.31329480e+03, 9.77387085e+01,
    4.99469330e+02, 3.28523346e+02, 5.81504822e+02, 3.21393555e+02,
    6.71887329e+02, 3.13503998e+02, 7.71630066e+02, 3.04912079e+02,
    8.82045288e+02, 2.95310455e+02, 1.00562915e+03, 2.83941010e+02,
    1.14485681e+03, 2.70905304e+02, 1.30456970e+03, 2.55442474e+02,
    4.84132782e+02, 4.38051941e+02, 5.66721191e+02, 4.35971161e+02,
    6.57983643e+02, 4.33776093e+02, 7.58372437e+02, 4.31431030e+02,
    8.69695557e+02, 4.28793976e+02, 9.94168274e+02, 4.25555145e+02,
    1.13450110e+03, 4.21833313e+02, 1.29548254e+03, 4.17308044e+02,
    4.67856140e+02, 5.50091003e+02, 5.51187012e+02, 5.53463440e+02,
    6.43023560e+02, 5.57029663e+02, 7.44230713e+02, 5.61036011e+02,
    8.56415100e+02, 5.65638306e+02, 9.81994385e+02, 5.70737122e+02,
    1.12407471e+03, 5.76471680e+02, 1.28688745e+03, 5.83198120e+02,
    4.50676453e+02, 6.65201538e+02, 5.34430664e+02, 6.74096069e+02,
    6.26946777e+02, 6.83695435e+02, 7.28793945e+02, 6.94534485e+02,
    8.42517273e+02, 7.06759521e+02, 9.69550659e+02, 7.20481018e+02,
    1.11339929e+03, 7.36485596e+02, 1.27877356e+03, 7.55319824e+02,
    4.33292511e+02, 7.83235779e+02, 5.17216858e+02, 7.98257568e+02,
    6.09911438e+02, 8.14468750e+02, 7.12660889e+02, 8.32851440e+02,
    8.27574158e+02, 8.53294312e+02, 9.56418884e+02, 8.76406860e+02,
    1.10252136e+03, 9.03307068e+02, 1.27068933e+03, 9.34641418e+02 ]
