%YAML:1.0
points: [ 1.01030707e+03, 2.73185577e+02, 1.07622791e+03, 2.57613403e+02,
    1.15257141e+03, 2.39588913e+02, 1.24144836e+03, 2.18451355e+02,
    1.34620972e+03, 1.93590012e+02, 1.47083630e+03, 1.64643616e+02,
    1.62065027e+03, 1.30237976e+02, 1.80137354e+03, 9.02367706e+01,
    9.96525513e+02, 3.62341797e+02, 1.06195569e+03, 3.53150665e+02,
    1.13768884e+03, 3.42347260e+02, 1.22615161e+03, 3.29540039e+02,
    1.33045386e+03, 3.14498199e+02, 1.45538489e+03, 2.96708221e+02,
    1.60632971e+03, 2.75495392e+02, 1.78948853e+03, 2.50478394e+02,
    9.82646179e+02, 4.52392792e+02, 1.04779138e+03, 4.49494904e+02,
    1.12294604e+03, 4.45877289e+02, 1.21088965e+03, 4.41710236e+02,
    1.31471179e+03, 4.36842285e+02, 1.43958826e+03, 4.30943695e+02,
    1.59140332e+03, 4.24007202e+02, 1.77623828e+03, 4.16083557e+02,
    9.68729431e+02, 5.43554932e+02, 1.03347412e+03, 5.46889282e+02,
    1.10820874e+03, 5.50778564e+02, 1.19559827e+03, 5.55492859e+02,
    1.29919824e+03, 5.60964355e+02, 1.42377136e+03, 5.67527100e+02,
    1.57579053e+03, 5.75691895e+02, 1.76211523e+03, 5.85664001e+02,
    9.54326172e+02, 6.35835754e+02, 1.01865240e+03, 6.45803467e+02,
    1.09317432e+03, 6.57507690e+02, 1.18026880e+03, 6.71116516e+02,
    1.28353699e+03, 6.87387085e+02, 1.40794666e+03, 7.07185791e+02,
    1.56010449e+03, 7.30657776e+02, 1.74647620e+03, 7.59545532e+02,
    9.39668030e+02, 7.29849976e+02, 1.00382349e+03, 7.46817505e+02,
    1.07809204e+03, 7.66401917e+02, 1.16476404e+03, 7.89420471e+02,
    1.26796472e+03, 8.16887939e+02, 1.39234009e+03, 8.49745911e+02,
    1.54394214e+03, 8.89602478e+02, 1.72983142e+03, 9.37200256e+02 ]
