%YAML:1.0
points: [ 1.20384346e+02, 1.32223450e+02, 2.95548004e+02, 1.49480576e+02,
    4.56660522e+02, 1.66510391e+02, 6.03780884e+02, 1.83099899e+02,
    7.37464539e+02, 1.98578873e+02, 8.58702209e+02, 2.12778458e+02,
    9.69342224e+02, 2.25273178e+02, 1.07052161e+03, 2.36525421e+02,
    1.10115562e+02, 2.74332794e+02, 2.91464966e+02, 2.85567902e+02,
    4.58072083e+02, 2.96777802e+02, 6.09172424e+02, 3.07614716e+02,
    7.45312866e+02, 3.17693237e+02, 8.68517517e+02, 3.26546967e+02,
    9.80494507e+02, 3.34427063e+02, 1.08312866e+03, 3.41472717e+02,
    1.00016472e+02, 4.25337891e+02, 2.87487946e+02, 4.29480347e+02,
    4.59400787e+02, 4.33551178e+02, 6.14435547e+02, 4.37675507e+02,
    7.53444885e+02, 4.41234467e+02, 8.78495300e+02, 4.44583252e+02,
    9.92099426e+02, 4.47428101e+02, 1.09595642e+03, 4.49924255e+02,
    9.00646744e+01, 5.86358582e+02, 2.83748810e+02, 5.81717651e+02,
    4.60523682e+02, 5.77461060e+02, 6.19534241e+02, 5.73770020e+02,
    7.61407837e+02, 5.70480835e+02, 8.89015137e+02, 5.67364197e+02,
    1.00443738e+03, 5.64745911e+02, 1.10979834e+03, 5.62336304e+02,
    8.03560257e+01, 7.57048706e+02, 2.79765869e+02, 7.43302734e+02,
    4.61411896e+02, 7.29648499e+02, 6.24454773e+02, 7.17196716e+02,
    7.69874695e+02, 7.05905884e+02, 9.00150024e+02, 6.96022766e+02,
    1.01766199e+03, 6.87194214e+02, 1.12470325e+03, 6.79569946e+02,
    7.10290070e+01, 9.38397095e+02, 2.76153259e+02, 9.14253357e+02,
    4.62027496e+02, 8.91074280e+02, 6.29303833e+02, 8.69188171e+02,
    7.78551453e+02, 8.49224060e+02, 9.11782410e+02, 8.31613770e+02,
    1.03188232e+03, 8.16176208e+02, 1.14090186e+03, 8.02411926e+02 ]
