%YAML:1.0
points: [ 1.22658005e+02, 1.16457664e+02, 3.06625549e+02, 1.47291824e+02,
    4.64634796e+02, 1.75016052e+02, 6.00116577e+02, 1.99431137e+02,
    7.16547913e+02, 2.20989883e+02, 8.17199768e+02, 2.39637344e+02,
    9.05221619e+02, 2.55772476e+02, 9.82568298e+02, 2.70140137e+02,
    1.28137726e+02, 2.66378937e+02, 3.17304718e+02, 2.86029785e+02,
    4.78507812e+02, 3.03391785e+02, 6.15807617e+02, 3.18825897e+02,
    7.32989929e+02, 3.32328278e+02, 8.33692810e+02, 3.43627045e+02,
    9.21775513e+02, 3.53546478e+02, 9.98894287e+02, 3.61915070e+02,
    1.34747879e+02, 4.24950134e+02, 3.28624756e+02, 4.31280548e+02,
    4.93108856e+02, 4.37066284e+02, 6.31972168e+02, 4.42189453e+02,
    7.49538086e+02, 4.46479675e+02, 8.50498840e+02, 4.50290009e+02,
    9.38516296e+02, 4.53564453e+02, 1.01568146e+03, 4.56261383e+02,
    1.42873596e+02, 5.92519104e+02, 3.41062317e+02, 5.83651001e+02,
    5.08101013e+02, 5.76127014e+02, 6.48399292e+02, 5.69876343e+02,
    7.66589417e+02, 5.64612671e+02, 8.68162292e+02, 5.60098511e+02,
    9.55838440e+02, 5.56218811e+02, 1.03311829e+03, 5.52941162e+02,
    1.52425125e+02, 7.69139160e+02, 3.54170471e+02, 7.43493286e+02,
    5.23547424e+02, 7.21415833e+02, 6.65203857e+02, 7.02554504e+02,
    7.84560547e+02, 6.86869934e+02, 8.86298157e+02, 6.73601868e+02,
    9.74495544e+02, 6.62180908e+02, 1.05148157e+03, 6.52366821e+02,
    1.63421432e+02, 9.54829834e+02, 3.68222473e+02, 9.11411255e+02,
    5.39465332e+02, 8.73582886e+02, 6.82595764e+02, 8.41491577e+02,
    8.02955505e+02, 8.14443726e+02, 9.05588989e+02, 7.91590576e+02,
    9.93749573e+02, 7.71955444e+02, 1.07071729e+03, 7.55192017e+02 ]
