%YAML:1.0
points: [ 6.94628052e+02, 3.62558594e+02, 7.53932434e+02, 3.63267670e+02,
    8.13069763e+02, 3.63905304e+02, 8.72488892e+02, 3.64531250e+02,
    9.31866089e+02, 3.65185974e+02, 9.91138733e+02, 3.65619781e+02,
    1.05036047e+03, 3.66240814e+02, 1.10998889e+03, 3.66696686e+02,
    6.89270081e+02, 4.17499023e+02, 7.49490845e+02, 4.18115082e+02,
    8.09782715e+02, 4.18657837e+02, 8.70102539e+02, 4.19354889e+02,
    9.30327698e+02, 4.19993591e+02, 9.90563538e+02, 4.20779388e+02,
    1.05067700e+03, 4.21449402e+02, 1.11125159e+03, 4.22245392e+02,
    6.83651978e+02, 4.73993530e+02, 7.44931030e+02, 4.74789948e+02,
    8.06347900e+02, 4.75458954e+02, 8.67516724e+02, 4.76235077e+02,
    9.28668213e+02, 4.76755524e+02, 9.89967651e+02, 4.77544708e+02,
    1.05116614e+03, 4.78301422e+02, 1.11250134e+03, 4.79094391e+02,
    6.77672485e+02, 5.32484070e+02, 7.40207092e+02, 5.33191040e+02,
    8.02578796e+02, 5.33796021e+02, 8.64891052e+02, 5.34540222e+02,
    9.27147949e+02, 5.35354309e+02, 9.89502869e+02, 5.36088806e+02,
    1.05157837e+03, 5.37053101e+02, 1.11392590e+03, 5.37855774e+02,
    6.71457275e+02, 5.92805298e+02, 7.35173889e+02, 5.93477661e+02,
    7.98774292e+02, 5.94291748e+02, 8.62107666e+02, 5.95051575e+02,
    9.25484802e+02, 5.95938721e+02, 9.88892151e+02, 5.96640930e+02,
    1.05226184e+03, 5.97598877e+02, 1.11565564e+03, 5.98452026e+02,
    6.64982910e+02, 6.55470459e+02, 7.29891052e+02, 6.56107727e+02,
    7.94585876e+02, 6.56796387e+02, 8.59249512e+02, 6.57621277e+02,
    9.23704285e+02, 6.58488770e+02, 9.88265747e+02, 6.59436829e+02,
    1.05277258e+03, 6.60355347e+02, 1.11744751e+03, 6.61325073e+02 ]
