%YAML:1.0
points: [ 1.78318062e+01, 2.88563812e+02, 1.26890327e+02, 3.01568268e+02,
    2.23397034e+02, 3.12935699e+02, 3.09559509e+02, 3.23529572e+02,
    3.86921600e+02, 3.33305969e+02, 4.56336914e+02, 3.41893890e+02,
    5.18865601e+02, 3.50045624e+02, 5.75323364e+02, 3.57422882e+02,
    3.17044067e+01, 3.75064911e+02, 1.41287643e+02, 3.82467651e+02,
    2.38340836e+02, 3.89264893e+02, 3.24835754e+02, 3.95557526e+02,
    4.02256348e+02, 4.01408356e+02, 4.71577454e+02, 4.06665497e+02,
    5.33822998e+02, 4.11561127e+02, 5.89997437e+02, 4.16016602e+02,
    4.61380615e+01, 4.63719421e+02, 1.56178864e+02, 4.65607483e+02,
    2.53731918e+02, 4.67313385e+02, 3.40403717e+02, 4.69242645e+02,
    4.17798798e+02, 4.70757111e+02, 4.86850708e+02, 4.72370972e+02,
    5.48849182e+02, 4.73839661e+02, 6.04614075e+02, 4.75387390e+02,
    6.12817154e+01, 5.55017212e+02, 1.71991257e+02, 5.50794495e+02,
    2.69823669e+02, 5.47397461e+02, 3.56613617e+02, 5.44343262e+02,
    4.33800140e+02, 5.41532776e+02, 5.02757172e+02, 5.39271423e+02,
    5.64442017e+02, 5.37281860e+02, 6.19545227e+02, 5.35359924e+02,
    7.75560913e+01, 6.48743835e+02, 1.88547134e+02, 6.38340393e+02,
    2.86513428e+02, 6.28987671e+02, 3.73352081e+02, 6.20727356e+02,
    4.50409180e+02, 6.13454529e+02, 5.18911865e+02, 6.07170532e+02,
    5.80276367e+02, 6.01375305e+02, 6.34879639e+02, 5.96416138e+02,
    9.45703888e+01, 7.44751831e+02, 2.05927643e+02, 7.27718323e+02,
    3.03645996e+02, 7.12518311e+02, 3.90579895e+02, 6.98752686e+02,
    4.67315887e+02, 6.86813660e+02, 5.35550476e+02, 6.76150818e+02,
    5.96284119e+02, 6.66503967e+02, 6.50583435e+02, 6.58145081e+02 ]
